{
 "cells": [
  {
   "cell_type": "markdown",
   "id": "b0a434d6",
   "metadata": {},
   "source": [
    "# Q2: Water treatment water data and pH value\n",
    "## 1. Data exploration: Find correlation between input and output parameter values. Example: pH-E and pH-S."
   ]
  },
  {
   "cell_type": "code",
   "execution_count": 225,
   "id": "5b2d54f1",
   "metadata": {},
   "outputs": [
    {
     "data": {
      "text/html": [
       "<div>\n",
       "<style scoped>\n",
       "    .dataframe tbody tr th:only-of-type {\n",
       "        vertical-align: middle;\n",
       "    }\n",
       "\n",
       "    .dataframe tbody tr th {\n",
       "        vertical-align: top;\n",
       "    }\n",
       "\n",
       "    .dataframe thead th {\n",
       "        text-align: right;\n",
       "    }\n",
       "</style>\n",
       "<table border=\"1\" class=\"dataframe\">\n",
       "  <thead>\n",
       "    <tr style=\"text-align: right;\">\n",
       "      <th></th>\n",
       "      <th>date</th>\n",
       "      <th>Q-E</th>\n",
       "      <th>ZN-E</th>\n",
       "      <th>PH-E</th>\n",
       "      <th>DBO-E</th>\n",
       "      <th>DQO-E</th>\n",
       "      <th>SS-E</th>\n",
       "      <th>SSV-E</th>\n",
       "      <th>SED-E</th>\n",
       "      <th>COND-E</th>\n",
       "      <th>...</th>\n",
       "      <th>COND-S</th>\n",
       "      <th>RD-DBO-P</th>\n",
       "      <th>RD-SS-P</th>\n",
       "      <th>RD-SED-P</th>\n",
       "      <th>RD-DBO-S</th>\n",
       "      <th>RD-DQO-S</th>\n",
       "      <th>RD-DBO-G</th>\n",
       "      <th>RD-DQO-G</th>\n",
       "      <th>RD-SS-G</th>\n",
       "      <th>RD-SED-G</th>\n",
       "    </tr>\n",
       "  </thead>\n",
       "  <tbody>\n",
       "    <tr>\n",
       "      <th>0</th>\n",
       "      <td>D-1/3/90</td>\n",
       "      <td>44101</td>\n",
       "      <td>1.50</td>\n",
       "      <td>7.8</td>\n",
       "      <td>?</td>\n",
       "      <td>407</td>\n",
       "      <td>166</td>\n",
       "      <td>66.3</td>\n",
       "      <td>4.5</td>\n",
       "      <td>2110</td>\n",
       "      <td>...</td>\n",
       "      <td>2000</td>\n",
       "      <td>?</td>\n",
       "      <td>58.8</td>\n",
       "      <td>95.5</td>\n",
       "      <td>?</td>\n",
       "      <td>70.0</td>\n",
       "      <td>?</td>\n",
       "      <td>79.4</td>\n",
       "      <td>87.3</td>\n",
       "      <td>99.6</td>\n",
       "    </tr>\n",
       "    <tr>\n",
       "      <th>1</th>\n",
       "      <td>D-2/3/90</td>\n",
       "      <td>39024</td>\n",
       "      <td>3.00</td>\n",
       "      <td>7.7</td>\n",
       "      <td>?</td>\n",
       "      <td>443</td>\n",
       "      <td>214</td>\n",
       "      <td>69.2</td>\n",
       "      <td>6.5</td>\n",
       "      <td>2660</td>\n",
       "      <td>...</td>\n",
       "      <td>2590</td>\n",
       "      <td>?</td>\n",
       "      <td>60.7</td>\n",
       "      <td>94.8</td>\n",
       "      <td>?</td>\n",
       "      <td>80.8</td>\n",
       "      <td>?</td>\n",
       "      <td>79.5</td>\n",
       "      <td>92.1</td>\n",
       "      <td>100</td>\n",
       "    </tr>\n",
       "    <tr>\n",
       "      <th>2</th>\n",
       "      <td>D-4/3/90</td>\n",
       "      <td>32229</td>\n",
       "      <td>5.00</td>\n",
       "      <td>7.6</td>\n",
       "      <td>?</td>\n",
       "      <td>528</td>\n",
       "      <td>186</td>\n",
       "      <td>69.9</td>\n",
       "      <td>3.4</td>\n",
       "      <td>1666</td>\n",
       "      <td>...</td>\n",
       "      <td>1888</td>\n",
       "      <td>?</td>\n",
       "      <td>58.2</td>\n",
       "      <td>95.6</td>\n",
       "      <td>?</td>\n",
       "      <td>52.9</td>\n",
       "      <td>?</td>\n",
       "      <td>75.8</td>\n",
       "      <td>88.7</td>\n",
       "      <td>98.5</td>\n",
       "    </tr>\n",
       "    <tr>\n",
       "      <th>3</th>\n",
       "      <td>D-5/3/90</td>\n",
       "      <td>35023</td>\n",
       "      <td>3.50</td>\n",
       "      <td>7.9</td>\n",
       "      <td>205</td>\n",
       "      <td>588</td>\n",
       "      <td>192</td>\n",
       "      <td>65.6</td>\n",
       "      <td>4.5</td>\n",
       "      <td>2430</td>\n",
       "      <td>...</td>\n",
       "      <td>1840</td>\n",
       "      <td>33.1</td>\n",
       "      <td>64.2</td>\n",
       "      <td>95.3</td>\n",
       "      <td>87.3</td>\n",
       "      <td>72.3</td>\n",
       "      <td>90.2</td>\n",
       "      <td>82.3</td>\n",
       "      <td>89.6</td>\n",
       "      <td>100</td>\n",
       "    </tr>\n",
       "    <tr>\n",
       "      <th>4</th>\n",
       "      <td>D-6/3/90</td>\n",
       "      <td>36924</td>\n",
       "      <td>1.50</td>\n",
       "      <td>8.0</td>\n",
       "      <td>242</td>\n",
       "      <td>496</td>\n",
       "      <td>176</td>\n",
       "      <td>64.8</td>\n",
       "      <td>4.0</td>\n",
       "      <td>2110</td>\n",
       "      <td>...</td>\n",
       "      <td>2120</td>\n",
       "      <td>?</td>\n",
       "      <td>62.7</td>\n",
       "      <td>95.6</td>\n",
       "      <td>?</td>\n",
       "      <td>71.0</td>\n",
       "      <td>92.1</td>\n",
       "      <td>78.2</td>\n",
       "      <td>87.5</td>\n",
       "      <td>99.5</td>\n",
       "    </tr>\n",
       "  </tbody>\n",
       "</table>\n",
       "<p>5 rows × 39 columns</p>\n",
       "</div>"
      ],
      "text/plain": [
       "       date    Q-E  ZN-E  PH-E DBO-E DQO-E SS-E SSV-E SED-E  COND-E  ...  \\\n",
       "0  D-1/3/90  44101  1.50   7.8     ?   407  166  66.3   4.5    2110  ...   \n",
       "1  D-2/3/90  39024  3.00   7.7     ?   443  214  69.2   6.5    2660  ...   \n",
       "2  D-4/3/90  32229  5.00   7.6     ?   528  186  69.9   3.4    1666  ...   \n",
       "3  D-5/3/90  35023  3.50   7.9   205   588  192  65.6   4.5    2430  ...   \n",
       "4  D-6/3/90  36924  1.50   8.0   242   496  176  64.8   4.0    2110  ...   \n",
       "\n",
       "   COND-S RD-DBO-P  RD-SS-P RD-SED-P RD-DBO-S  RD-DQO-S  RD-DBO-G RD-DQO-G  \\\n",
       "0    2000        ?     58.8     95.5        ?      70.0         ?     79.4   \n",
       "1    2590        ?     60.7     94.8        ?      80.8         ?     79.5   \n",
       "2    1888        ?     58.2     95.6        ?      52.9         ?     75.8   \n",
       "3    1840     33.1     64.2     95.3     87.3      72.3      90.2     82.3   \n",
       "4    2120        ?     62.7     95.6        ?      71.0      92.1     78.2   \n",
       "\n",
       "  RD-SS-G RD-SED-G  \n",
       "0    87.3     99.6  \n",
       "1    92.1      100  \n",
       "2    88.7     98.5  \n",
       "3    89.6      100  \n",
       "4    87.5     99.5  \n",
       "\n",
       "[5 rows x 39 columns]"
      ]
     },
     "execution_count": 225,
     "metadata": {},
     "output_type": "execute_result"
    }
   ],
   "source": [
    "#Load Data into DataFrame\n",
    "import pandas as pd\n",
    "import numpy as np\n",
    "# Load data into Dataframe \n",
    "csvData = pd.read_csv('water-treatment.data')\n",
    "csvData.head()"
   ]
  },
  {
   "cell_type": "markdown",
   "id": "ac9f96b6",
   "metadata": {},
   "source": [
    "### Following parameters need to be considered for correlation and for the classification\n",
    "\n",
    "#### 1 Q-E (input flow to plant)\n",
    "#### 2 ZN-E (input Zinc to plant)\n",
    "#### 3 PH-E (input pH to plant)\n",
    "#### 4 DBO-E (input Biological demand of oxygen to plant)\n",
    "#### 5 DQO-E (input chemical demand of oxygen to plant)\n",
    "#### 6 SS-E (input suspended solids to plant)\n",
    "#### 7 SSV-E (input volatile supended solids to plant)\n",
    "#### 8 SED-E (input sediments to plant)\n",
    "#### 9 COND-E (input conductivity to plant)\n",
    "#### 23 PH-S (output pH)\n",
    "#### 24 DBO-S (output Biological demand of oxygen)\n",
    "#### 25 DQO-S (output chemical demand of oxygen)\n",
    "#### 26 SS-S (output suspended solids)\n",
    "#### 27 SSV-S (output volatile supended solids)\n",
    "#### 28 SED-S (output sediments)\n",
    "#### 29 COND-S (output conductivity)"
   ]
  },
  {
   "cell_type": "code",
   "execution_count": 226,
   "id": "d9c2fe89",
   "metadata": {},
   "outputs": [
    {
     "data": {
      "text/html": [
       "<div>\n",
       "<style scoped>\n",
       "    .dataframe tbody tr th:only-of-type {\n",
       "        vertical-align: middle;\n",
       "    }\n",
       "\n",
       "    .dataframe tbody tr th {\n",
       "        vertical-align: top;\n",
       "    }\n",
       "\n",
       "    .dataframe thead th {\n",
       "        text-align: right;\n",
       "    }\n",
       "</style>\n",
       "<table border=\"1\" class=\"dataframe\">\n",
       "  <thead>\n",
       "    <tr style=\"text-align: right;\">\n",
       "      <th></th>\n",
       "      <th>Q-E</th>\n",
       "      <th>ZN-E</th>\n",
       "      <th>PH-E</th>\n",
       "      <th>DBO-E</th>\n",
       "      <th>DQO-E</th>\n",
       "      <th>SS-E</th>\n",
       "      <th>SSV-E</th>\n",
       "      <th>SED-E</th>\n",
       "      <th>COND-E</th>\n",
       "      <th>PH-S</th>\n",
       "      <th>DBO-S</th>\n",
       "      <th>DQO-S</th>\n",
       "      <th>SS-S</th>\n",
       "      <th>SSV-S</th>\n",
       "      <th>SED-S</th>\n",
       "      <th>COND-S</th>\n",
       "    </tr>\n",
       "  </thead>\n",
       "  <tbody>\n",
       "    <tr>\n",
       "      <th>0</th>\n",
       "      <td>44101</td>\n",
       "      <td>1.50</td>\n",
       "      <td>7.8</td>\n",
       "      <td>?</td>\n",
       "      <td>407</td>\n",
       "      <td>166</td>\n",
       "      <td>66.3</td>\n",
       "      <td>4.5</td>\n",
       "      <td>2110</td>\n",
       "      <td>7.3</td>\n",
       "      <td>?</td>\n",
       "      <td>84</td>\n",
       "      <td>21</td>\n",
       "      <td>81.0</td>\n",
       "      <td>0.02</td>\n",
       "      <td>2000</td>\n",
       "    </tr>\n",
       "    <tr>\n",
       "      <th>1</th>\n",
       "      <td>39024</td>\n",
       "      <td>3.00</td>\n",
       "      <td>7.7</td>\n",
       "      <td>?</td>\n",
       "      <td>443</td>\n",
       "      <td>214</td>\n",
       "      <td>69.2</td>\n",
       "      <td>6.5</td>\n",
       "      <td>2660</td>\n",
       "      <td>7.5</td>\n",
       "      <td>?</td>\n",
       "      <td>91</td>\n",
       "      <td>17</td>\n",
       "      <td>94.1</td>\n",
       "      <td>0.00</td>\n",
       "      <td>2590</td>\n",
       "    </tr>\n",
       "    <tr>\n",
       "      <th>2</th>\n",
       "      <td>32229</td>\n",
       "      <td>5.00</td>\n",
       "      <td>7.6</td>\n",
       "      <td>?</td>\n",
       "      <td>528</td>\n",
       "      <td>186</td>\n",
       "      <td>69.9</td>\n",
       "      <td>3.4</td>\n",
       "      <td>1666</td>\n",
       "      <td>7.6</td>\n",
       "      <td>?</td>\n",
       "      <td>128</td>\n",
       "      <td>21</td>\n",
       "      <td>81</td>\n",
       "      <td>0.05</td>\n",
       "      <td>1888</td>\n",
       "    </tr>\n",
       "    <tr>\n",
       "      <th>3</th>\n",
       "      <td>35023</td>\n",
       "      <td>3.50</td>\n",
       "      <td>7.9</td>\n",
       "      <td>205</td>\n",
       "      <td>588</td>\n",
       "      <td>192</td>\n",
       "      <td>65.6</td>\n",
       "      <td>4.5</td>\n",
       "      <td>2430</td>\n",
       "      <td>7.6</td>\n",
       "      <td>20</td>\n",
       "      <td>104</td>\n",
       "      <td>20</td>\n",
       "      <td>96.7</td>\n",
       "      <td>0.00</td>\n",
       "      <td>1840</td>\n",
       "    </tr>\n",
       "    <tr>\n",
       "      <th>4</th>\n",
       "      <td>36924</td>\n",
       "      <td>1.50</td>\n",
       "      <td>8.0</td>\n",
       "      <td>242</td>\n",
       "      <td>496</td>\n",
       "      <td>176</td>\n",
       "      <td>64.8</td>\n",
       "      <td>4.0</td>\n",
       "      <td>2110</td>\n",
       "      <td>7.6</td>\n",
       "      <td>19</td>\n",
       "      <td>108</td>\n",
       "      <td>22</td>\n",
       "      <td>65.9</td>\n",
       "      <td>0.02</td>\n",
       "      <td>2120</td>\n",
       "    </tr>\n",
       "  </tbody>\n",
       "</table>\n",
       "</div>"
      ],
      "text/plain": [
       "     Q-E  ZN-E  PH-E DBO-E DQO-E SS-E SSV-E SED-E  COND-E PH-S DBO-S DQO-S  \\\n",
       "0  44101  1.50   7.8     ?   407  166  66.3   4.5    2110  7.3     ?    84   \n",
       "1  39024  3.00   7.7     ?   443  214  69.2   6.5    2660  7.5     ?    91   \n",
       "2  32229  5.00   7.6     ?   528  186  69.9   3.4    1666  7.6     ?   128   \n",
       "3  35023  3.50   7.9   205   588  192  65.6   4.5    2430  7.6    20   104   \n",
       "4  36924  1.50   8.0   242   496  176  64.8   4.0    2110  7.6    19   108   \n",
       "\n",
       "  SS-S SSV-S SED-S COND-S  \n",
       "0   21  81.0  0.02   2000  \n",
       "1   17  94.1  0.00   2590  \n",
       "2   21    81  0.05   1888  \n",
       "3   20  96.7  0.00   1840  \n",
       "4   22  65.9  0.02   2120  "
      ]
     },
     "execution_count": 226,
     "metadata": {},
     "output_type": "execute_result"
    }
   ],
   "source": [
    "# Dropping other columns which are not mentioned in the list above.\n",
    "waterdata_specific_columns = pd.DataFrame(csvData, columns = ['Q-E','ZN-E','PH-E','DBO-E','DQO-E','SS-E','SSV-E','SED-E','COND-E','PH-S','DBO-S','DQO-S','SS-S','SSV-S','SED-S','COND-S'])\n",
    "waterdata_specific_columns.head()"
   ]
  },
  {
   "cell_type": "code",
   "execution_count": 228,
   "id": "8f7bc83e",
   "metadata": {},
   "outputs": [
    {
     "name": "stdout",
     "output_type": "stream",
     "text": [
      "Q-E 0\n",
      "ZN-E 0\n",
      "DBO-E 0\n",
      "DQO-E 0\n",
      "SS-E 0\n",
      "SSV-E 0\n",
      "SED-E 0\n",
      "PH-S 0\n",
      "DBO-S 0\n",
      "DQO-S 0\n",
      "SS-S 0\n",
      "SSV-S 0\n",
      "SED-S 0\n",
      "COND-S 0\n"
     ]
    },
    {
     "data": {
      "text/html": [
       "<div>\n",
       "<style scoped>\n",
       "    .dataframe tbody tr th:only-of-type {\n",
       "        vertical-align: middle;\n",
       "    }\n",
       "\n",
       "    .dataframe tbody tr th {\n",
       "        vertical-align: top;\n",
       "    }\n",
       "\n",
       "    .dataframe thead th {\n",
       "        text-align: right;\n",
       "    }\n",
       "</style>\n",
       "<table border=\"1\" class=\"dataframe\">\n",
       "  <thead>\n",
       "    <tr style=\"text-align: right;\">\n",
       "      <th></th>\n",
       "      <th>Q-E</th>\n",
       "      <th>ZN-E</th>\n",
       "      <th>PH-E</th>\n",
       "      <th>DBO-E</th>\n",
       "      <th>DQO-E</th>\n",
       "      <th>SS-E</th>\n",
       "      <th>SSV-E</th>\n",
       "      <th>SED-E</th>\n",
       "      <th>COND-E</th>\n",
       "      <th>PH-S</th>\n",
       "      <th>DBO-S</th>\n",
       "      <th>DQO-S</th>\n",
       "      <th>SS-S</th>\n",
       "      <th>SSV-S</th>\n",
       "      <th>SED-S</th>\n",
       "      <th>COND-S</th>\n",
       "    </tr>\n",
       "  </thead>\n",
       "  <tbody>\n",
       "    <tr>\n",
       "      <th>0</th>\n",
       "      <td>44101</td>\n",
       "      <td>1.50</td>\n",
       "      <td>7.8</td>\n",
       "      <td>205</td>\n",
       "      <td>407</td>\n",
       "      <td>166</td>\n",
       "      <td>66.3</td>\n",
       "      <td>4.5</td>\n",
       "      <td>2110</td>\n",
       "      <td>7.3</td>\n",
       "      <td>20</td>\n",
       "      <td>84</td>\n",
       "      <td>21</td>\n",
       "      <td>81.0</td>\n",
       "      <td>0.02</td>\n",
       "      <td>2000</td>\n",
       "    </tr>\n",
       "    <tr>\n",
       "      <th>1</th>\n",
       "      <td>39024</td>\n",
       "      <td>3.00</td>\n",
       "      <td>7.7</td>\n",
       "      <td>205</td>\n",
       "      <td>443</td>\n",
       "      <td>214</td>\n",
       "      <td>69.2</td>\n",
       "      <td>6.5</td>\n",
       "      <td>2660</td>\n",
       "      <td>7.5</td>\n",
       "      <td>20</td>\n",
       "      <td>91</td>\n",
       "      <td>17</td>\n",
       "      <td>94.1</td>\n",
       "      <td>0.00</td>\n",
       "      <td>2590</td>\n",
       "    </tr>\n",
       "    <tr>\n",
       "      <th>2</th>\n",
       "      <td>32229</td>\n",
       "      <td>5.00</td>\n",
       "      <td>7.6</td>\n",
       "      <td>205</td>\n",
       "      <td>528</td>\n",
       "      <td>186</td>\n",
       "      <td>69.9</td>\n",
       "      <td>3.4</td>\n",
       "      <td>1666</td>\n",
       "      <td>7.6</td>\n",
       "      <td>20</td>\n",
       "      <td>128</td>\n",
       "      <td>21</td>\n",
       "      <td>81</td>\n",
       "      <td>0.05</td>\n",
       "      <td>1888</td>\n",
       "    </tr>\n",
       "    <tr>\n",
       "      <th>3</th>\n",
       "      <td>35023</td>\n",
       "      <td>3.50</td>\n",
       "      <td>7.9</td>\n",
       "      <td>205</td>\n",
       "      <td>588</td>\n",
       "      <td>192</td>\n",
       "      <td>65.6</td>\n",
       "      <td>4.5</td>\n",
       "      <td>2430</td>\n",
       "      <td>7.6</td>\n",
       "      <td>20</td>\n",
       "      <td>104</td>\n",
       "      <td>20</td>\n",
       "      <td>96.7</td>\n",
       "      <td>0.00</td>\n",
       "      <td>1840</td>\n",
       "    </tr>\n",
       "    <tr>\n",
       "      <th>4</th>\n",
       "      <td>36924</td>\n",
       "      <td>1.50</td>\n",
       "      <td>8.0</td>\n",
       "      <td>242</td>\n",
       "      <td>496</td>\n",
       "      <td>176</td>\n",
       "      <td>64.8</td>\n",
       "      <td>4.0</td>\n",
       "      <td>2110</td>\n",
       "      <td>7.6</td>\n",
       "      <td>19</td>\n",
       "      <td>108</td>\n",
       "      <td>22</td>\n",
       "      <td>65.9</td>\n",
       "      <td>0.02</td>\n",
       "      <td>2120</td>\n",
       "    </tr>\n",
       "  </tbody>\n",
       "</table>\n",
       "</div>"
      ],
      "text/plain": [
       "     Q-E  ZN-E  PH-E DBO-E DQO-E SS-E SSV-E SED-E  COND-E PH-S DBO-S DQO-S  \\\n",
       "0  44101  1.50   7.8   205   407  166  66.3   4.5    2110  7.3    20    84   \n",
       "1  39024  3.00   7.7   205   443  214  69.2   6.5    2660  7.5    20    91   \n",
       "2  32229  5.00   7.6   205   528  186  69.9   3.4    1666  7.6    20   128   \n",
       "3  35023  3.50   7.9   205   588  192  65.6   4.5    2430  7.6    20   104   \n",
       "4  36924  1.50   8.0   242   496  176  64.8   4.0    2110  7.6    19   108   \n",
       "\n",
       "  SS-S SSV-S SED-S COND-S  \n",
       "0   21  81.0  0.02   2000  \n",
       "1   17  94.1  0.00   2590  \n",
       "2   21    81  0.05   1888  \n",
       "3   20  96.7  0.00   1840  \n",
       "4   22  65.9  0.02   2120  "
      ]
     },
     "execution_count": 228,
     "metadata": {},
     "output_type": "execute_result"
    }
   ],
   "source": [
    "#Filling null values using fillna - Forward Padding \n",
    "for column in ['Q-E','ZN-E','DBO-E','DQO-E','SS-E','SSV-E','SED-E','PH-S','DBO-S','DQO-S','SS-S','SSV-S','SED-S','COND-S']:\n",
    "    waterdata_specific_columns[column].replace({\"?\": np.nan}, inplace=True)\n",
    "    print(column,waterdata_specific_columns[column].isnull().sum())\n",
    "waterdata_specific_columns = waterdata_specific_columns.fillna(method='pad')    \n",
    "waterdata_specific_columns['DBO-S'].fillna(20, inplace=True)\n",
    "waterdata_specific_columns['DBO-E'].fillna(205, inplace=True)\n",
    "waterdata_specific_columns.head()"
   ]
  },
  {
   "cell_type": "code",
   "execution_count": 231,
   "id": "b78817f1",
   "metadata": {},
   "outputs": [
    {
     "data": {
      "text/plain": [
       "Q-E       float64\n",
       "ZN-E      float64\n",
       "PH-E      float64\n",
       "DBO-E     float64\n",
       "DQO-E     float64\n",
       "SS-E      float64\n",
       "SSV-E     float64\n",
       "SED-E     float64\n",
       "COND-E    float64\n",
       "PH-S      float64\n",
       "DBO-S     float64\n",
       "DQO-S     float64\n",
       "SS-S      float64\n",
       "SSV-S     float64\n",
       "SED-S     float64\n",
       "COND-S    float64\n",
       "dtype: object"
      ]
     },
     "execution_count": 231,
     "metadata": {},
     "output_type": "execute_result"
    }
   ],
   "source": [
    "#Changing the type of the columns to float\n",
    "waterdata_specific_columns.dtypes\n",
    "for column in waterdata_specific_columns.columns:\n",
    "    waterdata_specific_columns[column] = waterdata_specific_columns[column].astype(float)\n",
    "waterdata_specific_columns.dtypes "
   ]
  },
  {
   "cell_type": "code",
   "execution_count": 232,
   "id": "f74c6e15",
   "metadata": {},
   "outputs": [
    {
     "data": {
      "text/html": [
       "<div>\n",
       "<style scoped>\n",
       "    .dataframe tbody tr th:only-of-type {\n",
       "        vertical-align: middle;\n",
       "    }\n",
       "\n",
       "    .dataframe tbody tr th {\n",
       "        vertical-align: top;\n",
       "    }\n",
       "\n",
       "    .dataframe thead th {\n",
       "        text-align: right;\n",
       "    }\n",
       "</style>\n",
       "<table border=\"1\" class=\"dataframe\">\n",
       "  <thead>\n",
       "    <tr style=\"text-align: right;\">\n",
       "      <th></th>\n",
       "      <th>Q-E</th>\n",
       "      <th>ZN-E</th>\n",
       "      <th>PH-E</th>\n",
       "      <th>DBO-E</th>\n",
       "      <th>DQO-E</th>\n",
       "      <th>SS-E</th>\n",
       "      <th>SSV-E</th>\n",
       "      <th>SED-E</th>\n",
       "      <th>COND-E</th>\n",
       "      <th>PH-S</th>\n",
       "      <th>DBO-S</th>\n",
       "      <th>DQO-S</th>\n",
       "      <th>SS-S</th>\n",
       "      <th>SSV-S</th>\n",
       "      <th>SED-S</th>\n",
       "      <th>COND-S</th>\n",
       "    </tr>\n",
       "  </thead>\n",
       "  <tbody>\n",
       "    <tr>\n",
       "      <th>Q-E</th>\n",
       "      <td>1.000000</td>\n",
       "      <td>0.036101</td>\n",
       "      <td>0.147464</td>\n",
       "      <td>-0.189576</td>\n",
       "      <td>-0.332340</td>\n",
       "      <td>-0.008384</td>\n",
       "      <td>-0.327827</td>\n",
       "      <td>-0.118319</td>\n",
       "      <td>-0.083469</td>\n",
       "      <td>0.041793</td>\n",
       "      <td>-0.002868</td>\n",
       "      <td>-0.082208</td>\n",
       "      <td>-0.025932</td>\n",
       "      <td>-0.128789</td>\n",
       "      <td>0.000496</td>\n",
       "      <td>-0.072146</td>\n",
       "    </tr>\n",
       "    <tr>\n",
       "      <th>ZN-E</th>\n",
       "      <td>0.036101</td>\n",
       "      <td>1.000000</td>\n",
       "      <td>-0.011092</td>\n",
       "      <td>0.002655</td>\n",
       "      <td>0.085096</td>\n",
       "      <td>0.091344</td>\n",
       "      <td>-0.102536</td>\n",
       "      <td>0.079847</td>\n",
       "      <td>0.052673</td>\n",
       "      <td>-0.096366</td>\n",
       "      <td>-0.017611</td>\n",
       "      <td>0.007922</td>\n",
       "      <td>-0.066708</td>\n",
       "      <td>0.076608</td>\n",
       "      <td>-0.042605</td>\n",
       "      <td>0.069663</td>\n",
       "    </tr>\n",
       "    <tr>\n",
       "      <th>PH-E</th>\n",
       "      <td>0.147464</td>\n",
       "      <td>-0.011092</td>\n",
       "      <td>1.000000</td>\n",
       "      <td>0.222979</td>\n",
       "      <td>0.177341</td>\n",
       "      <td>-0.045714</td>\n",
       "      <td>0.190942</td>\n",
       "      <td>0.050052</td>\n",
       "      <td>0.272851</td>\n",
       "      <td>0.333693</td>\n",
       "      <td>-0.034133</td>\n",
       "      <td>-0.045023</td>\n",
       "      <td>-0.084811</td>\n",
       "      <td>0.105557</td>\n",
       "      <td>-0.024000</td>\n",
       "      <td>0.233733</td>\n",
       "    </tr>\n",
       "    <tr>\n",
       "      <th>DBO-E</th>\n",
       "      <td>-0.189576</td>\n",
       "      <td>0.002655</td>\n",
       "      <td>0.222979</td>\n",
       "      <td>1.000000</td>\n",
       "      <td>0.506026</td>\n",
       "      <td>0.123162</td>\n",
       "      <td>0.240610</td>\n",
       "      <td>0.249448</td>\n",
       "      <td>0.211845</td>\n",
       "      <td>0.014203</td>\n",
       "      <td>0.127358</td>\n",
       "      <td>0.180765</td>\n",
       "      <td>0.092175</td>\n",
       "      <td>0.023336</td>\n",
       "      <td>0.045235</td>\n",
       "      <td>0.204986</td>\n",
       "    </tr>\n",
       "    <tr>\n",
       "      <th>DQO-E</th>\n",
       "      <td>-0.332340</td>\n",
       "      <td>0.085096</td>\n",
       "      <td>0.177341</td>\n",
       "      <td>0.506026</td>\n",
       "      <td>1.000000</td>\n",
       "      <td>0.286192</td>\n",
       "      <td>0.262062</td>\n",
       "      <td>0.430992</td>\n",
       "      <td>0.308135</td>\n",
       "      <td>-0.022037</td>\n",
       "      <td>0.112463</td>\n",
       "      <td>0.301407</td>\n",
       "      <td>0.075390</td>\n",
       "      <td>0.085336</td>\n",
       "      <td>0.023258</td>\n",
       "      <td>0.275889</td>\n",
       "    </tr>\n",
       "    <tr>\n",
       "      <th>SS-E</th>\n",
       "      <td>-0.008384</td>\n",
       "      <td>0.091344</td>\n",
       "      <td>-0.045714</td>\n",
       "      <td>0.123162</td>\n",
       "      <td>0.286192</td>\n",
       "      <td>1.000000</td>\n",
       "      <td>-0.545967</td>\n",
       "      <td>0.576708</td>\n",
       "      <td>0.083472</td>\n",
       "      <td>0.041212</td>\n",
       "      <td>0.017478</td>\n",
       "      <td>0.029556</td>\n",
       "      <td>0.004117</td>\n",
       "      <td>-0.116774</td>\n",
       "      <td>0.024647</td>\n",
       "      <td>0.078518</td>\n",
       "    </tr>\n",
       "    <tr>\n",
       "      <th>SSV-E</th>\n",
       "      <td>-0.327827</td>\n",
       "      <td>-0.102536</td>\n",
       "      <td>0.190942</td>\n",
       "      <td>0.240610</td>\n",
       "      <td>0.262062</td>\n",
       "      <td>-0.545967</td>\n",
       "      <td>1.000000</td>\n",
       "      <td>-0.139035</td>\n",
       "      <td>0.165719</td>\n",
       "      <td>-0.074828</td>\n",
       "      <td>0.012698</td>\n",
       "      <td>0.116886</td>\n",
       "      <td>-0.006960</td>\n",
       "      <td>0.348002</td>\n",
       "      <td>-0.023692</td>\n",
       "      <td>0.160525</td>\n",
       "    </tr>\n",
       "    <tr>\n",
       "      <th>SED-E</th>\n",
       "      <td>-0.118319</td>\n",
       "      <td>0.079847</td>\n",
       "      <td>0.050052</td>\n",
       "      <td>0.249448</td>\n",
       "      <td>0.430992</td>\n",
       "      <td>0.576708</td>\n",
       "      <td>-0.139035</td>\n",
       "      <td>1.000000</td>\n",
       "      <td>0.191531</td>\n",
       "      <td>0.000056</td>\n",
       "      <td>0.035471</td>\n",
       "      <td>0.056507</td>\n",
       "      <td>-0.006006</td>\n",
       "      <td>0.040553</td>\n",
       "      <td>0.012794</td>\n",
       "      <td>0.160720</td>\n",
       "    </tr>\n",
       "    <tr>\n",
       "      <th>COND-E</th>\n",
       "      <td>-0.083469</td>\n",
       "      <td>0.052673</td>\n",
       "      <td>0.272851</td>\n",
       "      <td>0.211845</td>\n",
       "      <td>0.308135</td>\n",
       "      <td>0.083472</td>\n",
       "      <td>0.165719</td>\n",
       "      <td>0.191531</td>\n",
       "      <td>1.000000</td>\n",
       "      <td>0.067294</td>\n",
       "      <td>0.017303</td>\n",
       "      <td>0.148039</td>\n",
       "      <td>0.033485</td>\n",
       "      <td>-0.001119</td>\n",
       "      <td>-0.035716</td>\n",
       "      <td>0.901653</td>\n",
       "    </tr>\n",
       "    <tr>\n",
       "      <th>PH-S</th>\n",
       "      <td>0.041793</td>\n",
       "      <td>-0.096366</td>\n",
       "      <td>0.333693</td>\n",
       "      <td>0.014203</td>\n",
       "      <td>-0.022037</td>\n",
       "      <td>0.041212</td>\n",
       "      <td>-0.074828</td>\n",
       "      <td>0.000056</td>\n",
       "      <td>0.067294</td>\n",
       "      <td>1.000000</td>\n",
       "      <td>-0.162025</td>\n",
       "      <td>-0.154318</td>\n",
       "      <td>-0.207883</td>\n",
       "      <td>-0.112362</td>\n",
       "      <td>-0.092550</td>\n",
       "      <td>0.046744</td>\n",
       "    </tr>\n",
       "    <tr>\n",
       "      <th>DBO-S</th>\n",
       "      <td>-0.002868</td>\n",
       "      <td>-0.017611</td>\n",
       "      <td>-0.034133</td>\n",
       "      <td>0.127358</td>\n",
       "      <td>0.112463</td>\n",
       "      <td>0.017478</td>\n",
       "      <td>0.012698</td>\n",
       "      <td>0.035471</td>\n",
       "      <td>0.017303</td>\n",
       "      <td>-0.162025</td>\n",
       "      <td>1.000000</td>\n",
       "      <td>0.621772</td>\n",
       "      <td>0.851894</td>\n",
       "      <td>0.018700</td>\n",
       "      <td>0.662055</td>\n",
       "      <td>0.039515</td>\n",
       "    </tr>\n",
       "    <tr>\n",
       "      <th>DQO-S</th>\n",
       "      <td>-0.082208</td>\n",
       "      <td>0.007922</td>\n",
       "      <td>-0.045023</td>\n",
       "      <td>0.180765</td>\n",
       "      <td>0.301407</td>\n",
       "      <td>0.029556</td>\n",
       "      <td>0.116886</td>\n",
       "      <td>0.056507</td>\n",
       "      <td>0.148039</td>\n",
       "      <td>-0.154318</td>\n",
       "      <td>0.621772</td>\n",
       "      <td>1.000000</td>\n",
       "      <td>0.676501</td>\n",
       "      <td>0.025400</td>\n",
       "      <td>0.430453</td>\n",
       "      <td>0.189089</td>\n",
       "    </tr>\n",
       "    <tr>\n",
       "      <th>SS-S</th>\n",
       "      <td>-0.025932</td>\n",
       "      <td>-0.066708</td>\n",
       "      <td>-0.084811</td>\n",
       "      <td>0.092175</td>\n",
       "      <td>0.075390</td>\n",
       "      <td>0.004117</td>\n",
       "      <td>-0.006960</td>\n",
       "      <td>-0.006006</td>\n",
       "      <td>0.033485</td>\n",
       "      <td>-0.207883</td>\n",
       "      <td>0.851894</td>\n",
       "      <td>0.676501</td>\n",
       "      <td>1.000000</td>\n",
       "      <td>-0.057733</td>\n",
       "      <td>0.614601</td>\n",
       "      <td>0.075770</td>\n",
       "    </tr>\n",
       "    <tr>\n",
       "      <th>SSV-S</th>\n",
       "      <td>-0.128789</td>\n",
       "      <td>0.076608</td>\n",
       "      <td>0.105557</td>\n",
       "      <td>0.023336</td>\n",
       "      <td>0.085336</td>\n",
       "      <td>-0.116774</td>\n",
       "      <td>0.348002</td>\n",
       "      <td>0.040553</td>\n",
       "      <td>-0.001119</td>\n",
       "      <td>-0.112362</td>\n",
       "      <td>0.018700</td>\n",
       "      <td>0.025400</td>\n",
       "      <td>-0.057733</td>\n",
       "      <td>1.000000</td>\n",
       "      <td>-0.027008</td>\n",
       "      <td>0.003825</td>\n",
       "    </tr>\n",
       "    <tr>\n",
       "      <th>SED-S</th>\n",
       "      <td>0.000496</td>\n",
       "      <td>-0.042605</td>\n",
       "      <td>-0.024000</td>\n",
       "      <td>0.045235</td>\n",
       "      <td>0.023258</td>\n",
       "      <td>0.024647</td>\n",
       "      <td>-0.023692</td>\n",
       "      <td>0.012794</td>\n",
       "      <td>-0.035716</td>\n",
       "      <td>-0.092550</td>\n",
       "      <td>0.662055</td>\n",
       "      <td>0.430453</td>\n",
       "      <td>0.614601</td>\n",
       "      <td>-0.027008</td>\n",
       "      <td>1.000000</td>\n",
       "      <td>-0.013601</td>\n",
       "    </tr>\n",
       "    <tr>\n",
       "      <th>COND-S</th>\n",
       "      <td>-0.072146</td>\n",
       "      <td>0.069663</td>\n",
       "      <td>0.233733</td>\n",
       "      <td>0.204986</td>\n",
       "      <td>0.275889</td>\n",
       "      <td>0.078518</td>\n",
       "      <td>0.160525</td>\n",
       "      <td>0.160720</td>\n",
       "      <td>0.901653</td>\n",
       "      <td>0.046744</td>\n",
       "      <td>0.039515</td>\n",
       "      <td>0.189089</td>\n",
       "      <td>0.075770</td>\n",
       "      <td>0.003825</td>\n",
       "      <td>-0.013601</td>\n",
       "      <td>1.000000</td>\n",
       "    </tr>\n",
       "  </tbody>\n",
       "</table>\n",
       "</div>"
      ],
      "text/plain": [
       "             Q-E      ZN-E      PH-E     DBO-E     DQO-E      SS-E     SSV-E  \\\n",
       "Q-E     1.000000  0.036101  0.147464 -0.189576 -0.332340 -0.008384 -0.327827   \n",
       "ZN-E    0.036101  1.000000 -0.011092  0.002655  0.085096  0.091344 -0.102536   \n",
       "PH-E    0.147464 -0.011092  1.000000  0.222979  0.177341 -0.045714  0.190942   \n",
       "DBO-E  -0.189576  0.002655  0.222979  1.000000  0.506026  0.123162  0.240610   \n",
       "DQO-E  -0.332340  0.085096  0.177341  0.506026  1.000000  0.286192  0.262062   \n",
       "SS-E   -0.008384  0.091344 -0.045714  0.123162  0.286192  1.000000 -0.545967   \n",
       "SSV-E  -0.327827 -0.102536  0.190942  0.240610  0.262062 -0.545967  1.000000   \n",
       "SED-E  -0.118319  0.079847  0.050052  0.249448  0.430992  0.576708 -0.139035   \n",
       "COND-E -0.083469  0.052673  0.272851  0.211845  0.308135  0.083472  0.165719   \n",
       "PH-S    0.041793 -0.096366  0.333693  0.014203 -0.022037  0.041212 -0.074828   \n",
       "DBO-S  -0.002868 -0.017611 -0.034133  0.127358  0.112463  0.017478  0.012698   \n",
       "DQO-S  -0.082208  0.007922 -0.045023  0.180765  0.301407  0.029556  0.116886   \n",
       "SS-S   -0.025932 -0.066708 -0.084811  0.092175  0.075390  0.004117 -0.006960   \n",
       "SSV-S  -0.128789  0.076608  0.105557  0.023336  0.085336 -0.116774  0.348002   \n",
       "SED-S   0.000496 -0.042605 -0.024000  0.045235  0.023258  0.024647 -0.023692   \n",
       "COND-S -0.072146  0.069663  0.233733  0.204986  0.275889  0.078518  0.160525   \n",
       "\n",
       "           SED-E    COND-E      PH-S     DBO-S     DQO-S      SS-S     SSV-S  \\\n",
       "Q-E    -0.118319 -0.083469  0.041793 -0.002868 -0.082208 -0.025932 -0.128789   \n",
       "ZN-E    0.079847  0.052673 -0.096366 -0.017611  0.007922 -0.066708  0.076608   \n",
       "PH-E    0.050052  0.272851  0.333693 -0.034133 -0.045023 -0.084811  0.105557   \n",
       "DBO-E   0.249448  0.211845  0.014203  0.127358  0.180765  0.092175  0.023336   \n",
       "DQO-E   0.430992  0.308135 -0.022037  0.112463  0.301407  0.075390  0.085336   \n",
       "SS-E    0.576708  0.083472  0.041212  0.017478  0.029556  0.004117 -0.116774   \n",
       "SSV-E  -0.139035  0.165719 -0.074828  0.012698  0.116886 -0.006960  0.348002   \n",
       "SED-E   1.000000  0.191531  0.000056  0.035471  0.056507 -0.006006  0.040553   \n",
       "COND-E  0.191531  1.000000  0.067294  0.017303  0.148039  0.033485 -0.001119   \n",
       "PH-S    0.000056  0.067294  1.000000 -0.162025 -0.154318 -0.207883 -0.112362   \n",
       "DBO-S   0.035471  0.017303 -0.162025  1.000000  0.621772  0.851894  0.018700   \n",
       "DQO-S   0.056507  0.148039 -0.154318  0.621772  1.000000  0.676501  0.025400   \n",
       "SS-S   -0.006006  0.033485 -0.207883  0.851894  0.676501  1.000000 -0.057733   \n",
       "SSV-S   0.040553 -0.001119 -0.112362  0.018700  0.025400 -0.057733  1.000000   \n",
       "SED-S   0.012794 -0.035716 -0.092550  0.662055  0.430453  0.614601 -0.027008   \n",
       "COND-S  0.160720  0.901653  0.046744  0.039515  0.189089  0.075770  0.003825   \n",
       "\n",
       "           SED-S    COND-S  \n",
       "Q-E     0.000496 -0.072146  \n",
       "ZN-E   -0.042605  0.069663  \n",
       "PH-E   -0.024000  0.233733  \n",
       "DBO-E   0.045235  0.204986  \n",
       "DQO-E   0.023258  0.275889  \n",
       "SS-E    0.024647  0.078518  \n",
       "SSV-E  -0.023692  0.160525  \n",
       "SED-E   0.012794  0.160720  \n",
       "COND-E -0.035716  0.901653  \n",
       "PH-S   -0.092550  0.046744  \n",
       "DBO-S   0.662055  0.039515  \n",
       "DQO-S   0.430453  0.189089  \n",
       "SS-S    0.614601  0.075770  \n",
       "SSV-S  -0.027008  0.003825  \n",
       "SED-S   1.000000 -0.013601  \n",
       "COND-S -0.013601  1.000000  "
      ]
     },
     "execution_count": 232,
     "metadata": {},
     "output_type": "execute_result"
    }
   ],
   "source": [
    "#Correlation between input and output\n",
    "waterdata_specific_columns.corr()"
   ]
  },
  {
   "cell_type": "code",
   "execution_count": 138,
   "id": "a636f485",
   "metadata": {},
   "outputs": [
    {
     "data": {
      "text/html": [
       "<div>\n",
       "<style scoped>\n",
       "    .dataframe tbody tr th:only-of-type {\n",
       "        vertical-align: middle;\n",
       "    }\n",
       "\n",
       "    .dataframe tbody tr th {\n",
       "        vertical-align: top;\n",
       "    }\n",
       "\n",
       "    .dataframe thead th {\n",
       "        text-align: right;\n",
       "    }\n",
       "</style>\n",
       "<table border=\"1\" class=\"dataframe\">\n",
       "  <thead>\n",
       "    <tr style=\"text-align: right;\">\n",
       "      <th></th>\n",
       "      <th>PH-S</th>\n",
       "      <th>DBO-S</th>\n",
       "      <th>DQO-S</th>\n",
       "      <th>SS-S</th>\n",
       "      <th>SSV-S</th>\n",
       "      <th>SED-S</th>\n",
       "      <th>COND-S</th>\n",
       "    </tr>\n",
       "  </thead>\n",
       "  <tbody>\n",
       "    <tr>\n",
       "      <th>Q-E</th>\n",
       "      <td>0.041793</td>\n",
       "      <td>-0.002868</td>\n",
       "      <td>-0.082208</td>\n",
       "      <td>-0.025932</td>\n",
       "      <td>-0.128789</td>\n",
       "      <td>0.000496</td>\n",
       "      <td>-0.072146</td>\n",
       "    </tr>\n",
       "    <tr>\n",
       "      <th>ZN-E</th>\n",
       "      <td>-0.096366</td>\n",
       "      <td>-0.017611</td>\n",
       "      <td>0.007922</td>\n",
       "      <td>-0.066708</td>\n",
       "      <td>0.076608</td>\n",
       "      <td>-0.042605</td>\n",
       "      <td>0.069663</td>\n",
       "    </tr>\n",
       "    <tr>\n",
       "      <th>PH-E</th>\n",
       "      <td>0.333693</td>\n",
       "      <td>-0.034133</td>\n",
       "      <td>-0.045023</td>\n",
       "      <td>-0.084811</td>\n",
       "      <td>0.105557</td>\n",
       "      <td>-0.024000</td>\n",
       "      <td>0.233733</td>\n",
       "    </tr>\n",
       "    <tr>\n",
       "      <th>DBO-E</th>\n",
       "      <td>0.035331</td>\n",
       "      <td>0.124803</td>\n",
       "      <td>0.171308</td>\n",
       "      <td>0.092950</td>\n",
       "      <td>0.013231</td>\n",
       "      <td>0.045424</td>\n",
       "      <td>0.172675</td>\n",
       "    </tr>\n",
       "    <tr>\n",
       "      <th>DQO-E</th>\n",
       "      <td>-0.022037</td>\n",
       "      <td>0.112463</td>\n",
       "      <td>0.301407</td>\n",
       "      <td>0.075390</td>\n",
       "      <td>0.085336</td>\n",
       "      <td>0.023258</td>\n",
       "      <td>0.275889</td>\n",
       "    </tr>\n",
       "    <tr>\n",
       "      <th>SS-E</th>\n",
       "      <td>0.041212</td>\n",
       "      <td>0.017478</td>\n",
       "      <td>0.029556</td>\n",
       "      <td>0.004117</td>\n",
       "      <td>-0.116774</td>\n",
       "      <td>0.024647</td>\n",
       "      <td>0.078518</td>\n",
       "    </tr>\n",
